0.00 -80.00
1.00 -80.00
4.90 -36.30
12.20 -17.50
14.40 -14.14
16.70 -11.02
18.90 -8.20
20.70 -6.41
23.00 -4.30
26.10 -1.95
28.70 -0.16
30.70 0.82
32.40 1.44
36.50 1.75
41.40 1.62
48.40 1.56
57.50 1.38
66.70 1.19
79.90 0.82
97.30 0.33
118.30 0.08
145.10 0.02
175.20 -0.04
209.80 -0.10
243.50 -0.10
307.90 -0.14
694.50 -0.31
1524.70 -0.55
2791.60 -0.70
3461.40 -0.86
4298.60 -0.97
5189.10 -1.21
6166.40 -1.58
7385.60 -2.14
8845.90 -2.94
10107.70 -3.55
11824.60 -4.60
13942.00 -5.59
16310.10 -6.69
20000.00 -8.05
22050 -10.0
24000 -15.0
